1 0.51953125 0.3138020828125 0.5234375 0.24869791718749998 0.4970703125 0.2421874984375 0.4736328125 0.20572916874999997 0.4580078125 0.2161458359375 0.4365234375 0.203125 0.3916015625 0.20833333281250002 0.3671875 0.259114584375 0.33984375 0.2799479171875 0.3515625 0.319010415625 0.3457031234375 0.3424479171875 0.3828125 0.381510415625 0.3994140625 0.421875 0.4501953125 0.4140625015625 0.4677734375 0.4322916671875 0.4941406234375 0.43098958437499996 0.5097656234375 0.4179687484375 0.50390625 0.3867187484375 0.5292968765625 0.3476562515625 0.51953125 0.3138020828125
1 0.47265625 0.584635415625 0.4091796875 0.5208333328125 0.3916015625 0.54947916875 0.33984375 0.5820312515625 0.3496093765625 0.6210937484375 0.3417968765625 0.6705729171875 0.3623046875 0.7135416671875 0.4111328125 0.7083333328125 0.44140625 0.725260415625 0.453125 0.680989584375 0.4824218765625 0.665364584375 0.46875 0.6236979171875 0.47265625 0.584635415625
1 0.5605468765625 0.4882812515625 0.5205078125 0.4479166671875 0.4755859375 0.4401041640625 0.4511718765625 0.49088541562500004 0.4453125 0.553385415625 0.4980468765625 0.6106770828125 0.5244140625 0.6041666671875 0.56640625 0.5611979171875 0.5546875 0.5143229171875 0.5605468765625 0.4882812515625
1 0.5410156234375 0.8867187484375 0.5488281234375 0.850260415625 0.5419921875 0.7916666671875 0.5107421875 0.78125 0.4814453125 0.7916666671875 0.4599609375 0.7604166671875 0.4384765625 0.7552083328125 0.4111328125 0.79427083125 0.34375 0.7929687484375 0.3339843765625 0.821614584375 0.34765625 0.8580729171874999 0.3183593765625 0.9049479171874999 0.35546875 0.946614584375 0.3544921875 0.9947916671874999 0.5078125 0.9960937484375 0.5361328125 0.9921874984375 0.5625 0.9648437484375 0.5644531234375 0.930989584375 0.5410156234375 0.8867187484375
1 0.234375 0.9049479171874999 0.2363281234375 0.9518229171874999 0.2519531234375 0.962239584375 0.2568359375 0.9947916671874999 0.2822265625 0.9791666671874999 0.2988281234375 0.9960937484375 0.30078125 0.9231770828125001 0.2685546875 0.8854166671874999 0.2529296875 0.8854166671874999 0.234375 0.9049479171874999
1 0.8222656234375 0.850260415625 0.8183593765625 0.8085937484375 0.8417968765625 0.756510415625 0.8144531234375 0.7200520828125 0.8203125 0.6992187484375 0.8037109375 0.6302083328125 0.7216796875 0.6302083328125 0.6845703125 0.5885416671875 0.6640625 0.6106770828125 0.6455078125 0.66927083125 0.6103515625 0.6328125015625 0.5869140625 0.6458333328125 0.5800781234375 0.7070312515625 0.546875 0.7356770828125 0.54296875 0.7617187484375 0.5634765625 0.796875 0.6074218765625 0.790364584375 0.5839843765625 0.8580729171874999 0.5830078125 0.8984374984375 0.6376953125 0.8880208312500001 0.6630859375 0.9375 0.6943359375 0.9296874984375 0.7099609375 0.90625 0.7441406234375 0.9518229171874999 0.765625 0.930989584375 0.7783203125 0.8776041640625 0.8037109375 0.875 0.8222656234375 0.850260415625
1 0.9296875 0.49348958437499996 0.9306640625 0.4583333328125 0.9052734375 0.4479166671875 0.8876953125 0.41927083125 0.8271484375 0.4088541640625 0.7988281234375 0.47526041562500004 0.79296875 0.5585937484375 0.8427734375 0.6510416671875 0.87890625 0.662760415625 0.87890625 0.615885415625 0.9111328125 0.61197916875 0.9472656234375 0.5273437484375 0.9296875 0.49348958437499996
1 0.7988281234375 0.4179687484375 0.7587890625 0.3515625015625 0.6904296875 0.35677083125000003 0.671875 0.3893229171875 0.6738281234375 0.43098958437499996 0.6582031234375 0.4544270828125 0.6582031234375 0.4804687484375 0.6875 0.506510415625 0.6982421875 0.5390625015625 0.7167968765625 0.5429687484375 0.7333984375 0.5286458359374999 0.7685546875 0.53125 0.7949218765625 0.47526041562500004 0.7988281234375 0.4179687484375
1 0.8125 0.1705729171875 0.7548828125 0.1041666671875 0.7080078125 0.09375 0.6865234375 0.1197916671875 0.6591796875 0.11197916875 0.6308593765625 0.1861979171875 0.6191406234375 0.1914062515625 0.6308593765625 0.2070312515625 0.6103515625 0.20572916874999997 0.6113281234375 0.225260415625 0.6240234375 0.21354166718749998 0.6269531234375 0.2643229171875 0.6474609375 0.2864583328125 0.6826171875 0.29427083125000003 0.6962890625 0.3333333328125 0.73828125 0.334635415625 0.74609375 0.2799479171875 0.7675781234375 0.23567708281250002 0.8144531234375 0.21744791718749998 0.8125 0.1705729171875
1 0.8769531234375 0.321614584375 0.8671875 0.2799479171875 0.8251953125 0.21875 0.7724609375 0.22916666718749998 0.73828125 0.3294270828125 0.765625 0.3476562515625 0.7841796875 0.3984374984375 0.80859375 0.399739584375 0.8203125 0.3919270828125 0.8173828125 0.3671874984375 0.8583984375 0.3697916671875 0.8769531234375 0.321614584375
1 0.3779296875 0.5416666671875 0.39453125 0.506510415625 0.3886718765625 0.43098958437499996 0.3330078125 0.4036458359375 0.3173828125 0.3697916671875 0.2958984375 0.38802083125000003 0.2548828125 0.37760416406249997 0.234375 0.4518229171875 0.2011718765625 0.47786458437499996 0.2050781234375 0.5299479171875 0.2246093765625 0.5611979171875 0.2167968765625 0.6054687484375 0.2529296875 0.6197916671875 0.26171875 0.662760415625 0.28515625 0.6679687484375 0.3056640625 0.64322916875 0.3339843765625 0.6367187484375 0.3359375 0.5820312515625 0.3779296875 0.5416666671875
1 0.1611328125 0.4010416671875 0.1396484375 0.4453125015625 0.1123046875 0.4427083328125 0.10351562343750001 0.4804687484375 0.07226562343750001 0.4960937484375 0.0703125 0.5611979171875 0.08203125 0.5794270828125 0.07421875 0.6054687484375 0.10351562343750001 0.634114584375 0.1044921875 0.671875 0.1328125 0.6731770828125 0.1640625 0.647135415625 0.2050781234375 0.5507812515625 0.1875 0.4388020828125 0.1611328125 0.4010416671875
1 0 0.337239584375 0.015625 0.3424479171875 0 0.3632812515625 0.0058593765625 0.381510415625 0.0908203125 0.33072916874999997 0.109375 0.3398437484375 0.11914062343750001 0.290364584375 0.1005859375 0.2265625015625 0.0830078125 0.234375 0.0615234375 0.20572916874999997 0.0478515625 0.22916666718749998 0.0263671875 0.21875 0.015625 0.24869791718749998 0 0.256510415625 0 0.337239584375