1 0.5292968765625 0.6523437484375 0.50390625 0.6132812515625 0.5097656234375 0.5820312515625 0.4941406234375 0.569010415625 0.4677734375 0.5677083328125 0.4501953125 0.5859374984375 0.3994140625 0.578125 0.3828125 0.618489584375 0.3457031234375 0.6575520828125 0.3515625 0.680989584375 0.33984375 0.7200520828125 0.3671875 0.740885415625 0.3916015625 0.7916666671875 0.4365234375 0.796875 0.4580078125 0.7838541640625001 0.4736328125 0.79427083125 0.4970703125 0.7578125015625 0.5234375 0.7513020828125 0.51953125 0.6861979171875 0.5292968765625 0.6523437484375
1 0.46875 0.3763020828125 0.4824218765625 0.334635415625 0.453125 0.319010415625 0.44140625 0.274739584375 0.4111328125 0.2916666671875 0.3623046875 0.2864583328125 0.3417968765625 0.3294270828125 0.3496093765625 0.3789062515625 0.33984375 0.4179687484375 0.3916015625 0.45052083125 0.4091796875 0.4791666671875 0.47265625 0.41536458437499996 0.46875 0.3763020828125
1 0.5546875 0.4856770828125 0.56640625 0.4388020828125 0.5244140625 0.3958333328125 0.4980468765625 0.3893229171875 0.4453125 0.44661458437499996 0.4511718765625 0.509114584375 0.4755859375 0.5598958359374999 0.5205078125 0.5520833328125 0.5605468765625 0.5117187484375 0.5546875 0.4856770828125
1 0.5644531234375 0.069010415625 0.5625 0.035156251562500004 0.5361328125 0.007812501562500001 0.5078125 0.0039062515625 0.3544921875 0.0052083328125 0.35546875 0.053385415625 0.3183593765625 0.09505208281250001 0.34765625 0.1419270828125 0.3339843765625 0.17838541562500002 0.34375 0.2070312515625 0.4111328125 0.20572916874999997 0.4384765625 0.24479166718749998 0.4599609375 0.23958333281250002 0.4814453125 0.20833333281250002 0.5107421875 0.21875 0.5419921875 0.20833333281250002 0.5488281234375 0.14973958437499998 0.5410156234375 0.11328125156249999 0.5644531234375 0.069010415625
1 0.2529296875 0.1145833328125 0.2685546875 0.1145833328125 0.30078125 0.07682291718749999 0.2988281234375 0.0039062515625 0.2822265625 0.0208333328125 0.2568359375 0.0052083328125 0.2519531234375 0.037760415625 0.2363281234375 0.0481770828125 0.234375 0.09505208281250001 0.2529296875 0.1145833328125
1 0.8037109375 0.125 0.7783203125 0.1223958359375 0.765625 0.069010415625 0.7441406234375 0.0481770828125 0.7099609375 0.09375 0.6943359375 0.07031250156249999 0.6630859375 0.0625 0.6376953125 0.11197916875 0.5830078125 0.10156250156249999 0.5839843765625 0.1419270828125 0.6074218765625 0.209635415625 0.5634765625 0.203125 0.54296875 0.2382812515625 0.546875 0.2643229171875 0.5800781234375 0.2929687484375 0.5869140625 0.3541666671875 0.6103515625 0.3671874984375 0.6455078125 0.33072916874999997 0.6640625 0.3893229171875 0.6845703125 0.4114583328125 0.7216796875 0.3697916671875 0.8037109375 0.3697916671875 0.8203125 0.3007812515625 0.8144531234375 0.2799479171875 0.8417968765625 0.243489584375 0.8183593765625 0.1914062515625 0.8222656234375 0.14973958437499998 0.8037109375 0.125
1 0.9472656234375 0.4726562515625 0.9111328125 0.38802083125000003 0.87890625 0.384114584375 0.87890625 0.337239584375 0.8427734375 0.3489583328125 0.79296875 0.4414062515625 0.7988281234375 0.524739584375 0.8271484375 0.5911458359374999 0.8876953125 0.58072916875 0.9052734375 0.5520833328125 0.9306640625 0.5416666671875 0.9296875 0.506510415625 0.9472656234375 0.4726562515625
1 0.7949218765625 0.524739584375 0.7685546875 0.46875 0.7333984375 0.4713541640625 0.7167968765625 0.4570312515625 0.6982421875 0.4609374984375 0.6875 0.49348958437499996 0.6582031234375 0.5195312515625 0.6582031234375 0.5455729171875 0.6738281234375 0.569010415625 0.671875 0.6106770828125 0.6904296875 0.64322916875 0.7587890625 0.6484374984375 0.7988281234375 0.5820312515625 0.7949218765625 0.524739584375
1 0.8144531234375 0.7825520828125 0.7675781234375 0.7643229171875 0.74609375 0.7200520828125 0.73828125 0.665364584375 0.6962890625 0.6666666671875 0.6826171875 0.70572916875 0.6474609375 0.7135416671875 0.6269531234375 0.7356770828125 0.6240234375 0.7864583328125 0.6113281234375 0.774739584375 0.6103515625 0.79427083125 0.6308593765625 0.7929687484375 0.6191406234375 0.8085937484375 0.6308593765625 0.8138020828125001 0.6591796875 0.8880208312500001 0.6865234375 0.8802083328125001 0.7080078125 0.90625 0.7548828125 0.8958333328125001 0.8125 0.8294270828125001 0.8144531234375 0.7825520828125
1 0.8583984375 0.6302083328125 0.8173828125 0.6328125015625 0.8203125 0.6080729171875 0.80859375 0.600260415625 0.7841796875 0.6015625015625 0.765625 0.6523437484375 0.73828125 0.6705729171875 0.7724609375 0.7708333328125 0.8251953125 0.78125 0.8671875 0.7200520828125 0.8769531234375 0.678385415625 0.8583984375 0.6302083328125
1 0.3359375 0.4179687484375 0.3339843765625 0.3632812515625 0.3056640625 0.35677083125000003 0.28515625 0.3320312515625 0.26171875 0.337239584375 0.2529296875 0.3802083328125 0.2167968765625 0.3945312515625 0.2246093765625 0.4388020828125 0.2050781234375 0.4700520828125 0.2011718765625 0.522135415625 0.234375 0.5481770828125 0.2548828125 0.6223958359374999 0.2958984375 0.61197916875 0.3173828125 0.6302083328125 0.3330078125 0.5963541640625001 0.3886718765625 0.569010415625 0.39453125 0.49348958437499996 0.3779296875 0.4583333328125 0.3359375 0.4179687484375
1 0.1875 0.5611979171875 0.2050781234375 0.4492187484375 0.1640625 0.352864584375 0.1328125 0.3268229171875 0.1044921875 0.328125 0.10351562343750001 0.365885415625 0.07421875 0.3945312515625 0.08203125 0.4205729171875 0.0703125 0.4388020828125 0.07226562343750001 0.5039062515625 0.10351562343750001 0.5195312515625 0.1123046875 0.5572916671875 0.1396484375 0.5546874984375 0.1611328125 0.5989583328125 0.1875 0.5611979171875
1 0 0.743489584375 0.015625 0.7513020828125 0.0263671875 0.78125 0.0478515625 0.7708333328125 0.0615234375 0.79427083125 0.0830078125 0.765625 0.1005859375 0.7734374984375 0.11914062343750001 0.709635415625 0.109375 0.6601562515625 0.0908203125 0.66927083125 0.0058593765625 0.618489584375 0 0.6367187484375 0.015625 0.6575520828125 0 0.662760415625 0 0.743489584375