2 0.35130399687499997 0.3818359375 0.343497240625 0.3486328125 0.40595128750000004 0.2998046859375 0.40334903593749993 0.2685546859375 0.3604118796875 0.2519531265625 0.3421961171875 0.271484375 0.3356904875 0.2373046859375 0.305764590625 0.2109375015625 0.2849465765625 0.212890625 0.261526309375 0.228515625 0.2276970359375 0.2109375015625 0.20167451718749999 0.2109375015625 0.10409007343750001 0.2958984375 0.1249080875 0.3818359375 0.17044749374999998 0.396484375 0.1873621328125 0.4345703140625 0.21338465 0.4443359375 0.2641285625 0.4296875015625 0.2823443234375 0.40625 0.3343893625 0.40234375 0.35130399687499997 0.3818359375
2 0.5503762640625001 0.08593750156249999 0.534762753125 0.087890625 0.5113424859375 0.0625 0.46710420625 0.068359375 0.4436839375 0.056640625 0.4267693 0.0673828125 0.4202636703125 0.08984375 0.40204790937499996 0.08593750156249999 0.3929400265625 0.0927734375 0.3903377765625 0.12207031406249999 0.3656163828125 0.119140625 0.35650850312500004 0.1337890625 0.378627640625 0.1542968734375 0.4410816859375 0.1640624984375 0.4436839375 0.171875 0.4749109625 0.166015625 0.49572897656250003 0.1953124984375 0.5334616265625 0.2001953140625 0.5633875234375 0.19140625 0.580302159375 0.1689453140625 0.55688189375 0.0947265625 0.5503762640625001 0.08593750156249999
2 0.7468462765625 0.2998046859375 0.6843922328125001 0.2626953140625 0.6791877296875 0.2236328125 0.6362505734375 0.2167968734375 0.61022805625 0.197265625 0.589410040625 0.20703125 0.5659897734375 0.2050781265625 0.53996725625 0.22265625 0.5009334796875 0.224609375 0.48662109375 0.2451171875 0.49182559687499994 0.2724609375 0.46970645624999996 0.27734375 0.4553940703125 0.2919921875 0.45799632343749996 0.3115234375 0.48011546406249994 0.3261718734375 0.53736500625 0.3359375015625 0.5607852703125 0.3671875015625 0.5985179234375 0.3701171875 0.6284438171875 0.35546875 0.66487534375 0.36328125 0.6961023671875 0.3574218734375 0.7468462765625 0.2998046859375
2 0.526955996875 0.4453124984375 0.5152458640625001 0.4541015625 0.5282571234375 0.4775390625 0.5256548703125 0.5009765625 0.5737965296875001 0.53125 0.5907111671874999 0.5322265625 0.634949446875 0.5009765625 0.6375517 0.4677734375 0.6154325593750001 0.431640625 0.526955996875 0.4453124984375
2 0.5620863968750001 0.5498046859375 0.5438706359375 0.5126953140625 0.4983312265625 0.49609375 0.4736098359375 0.4990234375 0.45799632343749996 0.5205078125 0.45799632343749996 0.5439453140625 0.4397805625 0.5595703140625 0.44758731718749994 0.5888671875 0.4736098359375 0.5947265625 0.5009334796875 0.5917968734375 0.526955996875 0.5625 0.5529785140625 0.5605468734375 0.5620863968750001 0.5498046859375
2 0.5555807671874999 0.5625 0.526955996875 0.5625 0.48922334687499996 0.6083984375 0.510041359375 0.6435546859375 0.554279640625 0.6708984375 0.62714269375 0.6259765625 0.5920122937500001 0.5449218734375 0.5685920265625 0.5488281265625 0.5555807671874999 0.5625
2 0.47881433749999996 0.3681640625 0.464501953125 0.33984375 0.43327493281249996 0.34375 0.4046501625 0.33203125 0.3877355234375 0.3447265625 0.3903377765625 0.3642578125 0.4397805625 0.4443359375 0.4658030796875 0.4501953140625 0.4684053296875 0.4326171875 0.49703010000000003 0.4248046859375 0.49703010000000003 0.3798828125 0.47881433749999996 0.3681640625
2 0.321378103125 0.41015625 0.29535558281249996 0.41015625 0.27583869375000003 0.4306640625 0.278440946875 0.4580078125 0.2927533328125 0.47265625 0.348701746875 0.4833984375 0.391638903125 0.4707031265625 0.4007467828125 0.4599609375 0.3604118796875 0.390625 0.321378103125 0.41015625
2 0.40334903593749993 0.6162109375 0.364315259375 0.5634765625 0.3773265171875 0.5380859375 0.3721220125 0.5185546859375 0.3500028734375 0.5019531265625 0.31096909375 0.5 0.29405445937499997 0.5068359375 0.2901510796875 0.521484375 0.243310546875 0.48046875 0.1964700140625 0.47265625 0.18475987968750002 0.4873046859375 0.1951688875 0.5283203140625 0.1600384875 0.5292968734375 0.13791934687500002 0.5478515625 0.1639418640625 0.5810546859375 0.145726103125 0.6005859375 0.14312385 0.6220703140625 0.162640740625 0.63671875 0.1899643859375 0.6416015625 0.1925666359375 0.6650390625 0.2094812734375 0.6796875015625 0.2667308140625 0.671875 0.2745375671875 0.6875 0.3096679671875 0.6943359375 0.3474006203125 0.65234375 0.383832146875 0.65625 0.4007467828125 0.6337890625 0.40334903593749993 0.6162109375
2 0.313571346875 0.6875 0.30836684375 0.6953124984375 0.2797420734375 0.6894531265625 0.2641285625 0.6738281265625 0.2042767703125 0.681640625 0.21338465 0.7001953140625 0.1951688875 0.7197265625 0.197771140625 0.7431640625 0.218589153125 0.7490234375 0.2276970359375 0.7675781265625 0.258924059375 0.771484375 0.2771398203125 0.791015625 0.31096909375 0.78125 0.3304859828125 0.7919921875 0.3773265171875 0.7607421875 0.3721220125 0.7041015625 0.3421961171875 0.6875 0.313571346875 0.6875
2 0.926401653125 0.7138671875 0.978446690625 0.6845703140625 0.9732421875 0.6591796859375 0.9498219203125 0.6376953140625 0.9654354328125001 0.6181640625 0.9680376828125 0.5908203140625 0.9355095359375 0.5761718734375 0.8925723796874999 0.5771484375 0.8951746328124999 0.5244140625 0.8730554906249999 0.5078124984375 0.8236127062499999 0.525390625 0.7949879359375001 0.55859375 0.755954159375 0.541015625 0.7221248859375 0.5488281265625 0.69740349375 0.5751953140625 0.70000574375 0.6142578125 0.6518640859375 0.6269531265625 0.62714269375 0.6552734375 0.6466595828124999 0.68359375 0.7026079968750001 0.6904296859375 0.7026079968750001 0.7216796859375 0.7221248859375 0.7421875015625 0.7715676703125001 0.7421875015625 0.7975901875 0.76171875 0.8249138328125 0.7666015625 0.8470329734375 0.7636718734375 0.8678509875 0.7480468734375 0.9094870171875 0.7421875015625 0.926401653125 0.7138671875
2 0.9068847640625 0.44921875 0.9368106624999999 0.4150390625 0.91078814375 0.3564453140625 0.870453240625 0.3457031265625 0.8262149593749999 0.3125 0.7767721734374999 0.3144531265625 0.7234260124999999 0.3369140625 0.70000574375 0.3740234375 0.6765854765625 0.3896484375 0.6791877296875 0.4267578125 0.6609719671875001 0.4443359375 0.6609719671875001 0.4619140625 0.6791877296875 0.4814453140625 0.710414753125 0.4833984375 0.7078125 0.5205078125 0.7195226328125 0.5332031265625 0.7962890625 0.5361328125 0.85614085625 0.5068359375 0.8535386031250001 0.4658203140625 0.8782599937500001 0.4511718734375 0.9068847640625 0.44921875