0 0.8177083328125001 0.3916015640625 0.796440971875 0.3935546859375 0.796440971875 0.4091796859375 0.8298611109375 0.4443359359375 0.8344184 0.4140625 0.8875868062500001 0.4423828140625 0.8723958328125001 0.3974609359375 0.9103732671874999 0.40234375 0.905815971875 0.3798828140625 0.9270833328125001 0.3740234359375 0.875434028125 0.3212890640625 0.9088541671874999 0.3056640640625 0.8891059 0.275390625 0.8602430562500001 0.2802734359375 0.8891059 0.291015625 0.8435329890625001 0.279296875 0.8055555562500001 0.2861328140625 0.8177083328125001 0.3916015640625
0 0.3270399328125 0.423828125 0.33919271093750003 0.443359375 0.34830728906249997 0.4296875 0.3619791671875 0.4443359359375 0.4470486109375 0.4228515640625 0.42274305625 0.3623046859375 0.41514756718749996 0.375 0.3984375 0.3681640640625 0.4166666671875 0.3525390640625 0.354383678125 0.333984375 0.31184895625000003 0.35546875 0.26019965625 0.349609375 0.23589410000000002 0.384765625 0.2267795109375 0.37109375 0.21614583281250002 0.3779296859375 0.24045138906250002 0.4091796859375 0.275390621875 0.4375 0.3270399328125 0.423828125
0 0.5989583328125 0.1748046859375 0.6384548609375 0.1904296859375 0.5868055562500001 0.2099609359375 0.6384548609375 0.2490234359375 0.7204861109375 0.2255859359375 0.6779513890625 0.2060546859375 0.711371528125 0.1650390640625 0.70073784375 0.140625 0.605034721875 0.1494140640625 0.5989583328125 0.1748046859375
0 0.6627604171875 0.2978515640625 0.6916232671875 0.328125 0.7371961781249999 0.322265625 0.7478298609375 0.3330078140625 0.7858072890625001 0.3125 0.80707465625 0.33203125 0.8298611109375 0.3251953140625 0.7873263890625 0.2705078140625 0.8268229171874999 0.2392578140625 0.794921878125 0.22265625 0.7068142328125 0.216796875 0.687065971875 0.2939453140625 0.6627604171875 0.2978515640625
0 0.6779513890625 0.3623046859375 0.685546878125 0.3828125 0.7204861109375 0.3876953140625 0.7356770828125 0.4267578140625 0.8693576390625 0.4072265640625 0.8572048609375 0.3583984359375 0.8723958328125001 0.3408203140625 0.8541666671874999 0.3232421859375 0.8678385437499999 0.328125 0.8693576390625 0.3154296859375 0.8298611109375 0.3115234359375 0.822265621875 0.283203125 0.7858072890625001 0.28125 0.7782118062500001 0.3056640640625 0.740234378125 0.30859375 0.6779513890625 0.3623046859375
0 0.6004774328125 0.30078125 0.5625 0.3291015640625 0.5442708328125 0.3740234359375 0.5625 0.3837890640625 0.6475694437499999 0.3642578140625 0.63997395625 0.296875 0.6004774328125 0.30078125
0 0.44552951093750004 0.2421875 0.4348958328125 0.2724609359375 0.40147569375 0.2783203140625 0.44097222187499996 0.3388671859375 0.4728732671875 0.3359375 0.47894965625 0.3203125 0.494140621875 0.333984375 0.494140621875 0.3203125 0.550347221875 0.3037109359375 0.53515625 0.2509765640625 0.5533854171875 0.2216796859375 0.5245225671875 0.193359375 0.47743055625 0.2080078140625 0.5078125 0.2451171859375 0.44552951093750004 0.2421875
0 0.3893229171875 0.2255859359375 0.34830728906249997 0.216796875 0.34375 0.2314453140625 0.37109375 0.2353515640625 0.3893229171875 0.2255859359375
0 0.36805555624999997 0.2919921859375 0.333116321875 0.294921875 0.3255208328125 0.3173828140625 0.3893229171875 0.3603515640625 0.4075520828125 0.3486328140625 0.3802083328125 0.3310546859375 0.3771701390625 0.2998046859375 0.3984375 0.2861328140625 0.38628472187499996 0.2666015640625 0.41362847187499996 0.2626953140625 0.37261284375 0.23828125 0.32855902812500004 0.2763671859375 0.36805555624999997 0.2919921859375
0 0.2298177109375 0.291015625 0.1979166671875 0.2861328140625 0.222222221875 0.3349609359375 0.27387152812500004 0.3447265640625 0.3893229171875 0.3271484359375 0.37413194375000003 0.3134765640625 0.40147569375 0.2490234359375 0.3802083328125 0.2451171859375 0.384765621875 0.2265625 0.302734378125 0.228515625 0.2298177109375 0.291015625
0 0.12803819375 0.3603515640625 0.1265191 0.37890625 0.1614583328125 0.3798828140625 0.15842013906250002 0.4052734359375 0.190321178125 0.388671875 0.20855034374999998 0.40234375 0.2176649328125 0.384765625 0.24348958281250002 0.4033203140625 0.22829861093749998 0.3232421859375 0.246527778125 0.2861328140625 0.2267795109375 0.29296875 0.13259548906250002 0.263671875 0.1158854171875 0.2802734359375 0.12803819375 0.2919921859375 0.1037326390625 0.3017578140625 0.13715277812499999 0.3134765640625 0.1052517328125 0.314453125 0.09157986093750001 0.3369140640625 0.10221354375 0.359375 0.12803819375 0.3603515640625