0 0.19444444375 0.2861328140625 0.15646701093749998 0.279296875 0.1108941 0.291015625 0.13975694375 0.2802734359375 0.1108941 0.275390625 0.09114583281250001 0.3056640640625 0.124565971875 0.3212890640625 0.07291666718749999 0.3740234359375 0.094184028125 0.3798828140625 0.0896267328125 0.40234375 0.1276041671875 0.3974609359375 0.11241319375 0.4423828140625 0.1655816 0.4140625 0.17013888906250002 0.4443359359375 0.203559028125 0.4091796859375 0.203559028125 0.3935546859375 0.1822916671875 0.3916015640625 0.19444444375 0.2861328140625
0 0.724609378125 0.4375 0.7595486109375 0.4091796859375 0.7838541671875 0.3779296859375 0.7732204890625 0.37109375 0.7641059 0.384765625 0.73980034375 0.349609375 0.68815104375 0.35546875 0.6456163218750001 0.333984375 0.5833333328125 0.3525390640625 0.6015625 0.3681640640625 0.5848524328125 0.375 0.5772569437499999 0.3623046859375 0.5529513890625 0.4228515640625 0.6380208328125 0.4443359359375 0.6516927109374999 0.4296875 0.6608072890625001 0.443359375 0.6729600671875 0.423828125 0.724609378125 0.4375
0 0.39496527812500004 0.1494140640625 0.29926215625 0.140625 0.28862847187499996 0.1650390640625 0.3220486109375 0.2060546859375 0.2795138890625 0.2255859359375 0.3615451390625 0.2490234359375 0.41319444375 0.2099609359375 0.3615451390625 0.1904296859375 0.4010416671875 0.1748046859375 0.39496527812500004 0.1494140640625
0 0.31293402812500004 0.2939453140625 0.2931857671875 0.216796875 0.20507812187500002 0.22265625 0.1731770828125 0.2392578140625 0.21267361093749998 0.2705078140625 0.17013888906250002 0.3251953140625 0.19292534374999998 0.33203125 0.2141927109375 0.3125 0.2521701390625 0.3330078140625 0.262803821875 0.322265625 0.3083767328125 0.328125 0.3372395828125 0.2978515640625 0.31293402812500004 0.2939453140625
0 0.259765621875 0.30859375 0.22178819375 0.3056640640625 0.2141927109375 0.28125 0.17773437812499998 0.283203125 0.17013888906250002 0.3115234359375 0.13064236093749998 0.3154296859375 0.13216145625 0.328125 0.1458333328125 0.3232421859375 0.1276041671875 0.3408203140625 0.14279513906250002 0.3583984359375 0.13064236093749998 0.4072265640625 0.2643229171875 0.4267578140625 0.2795138890625 0.3876953140625 0.314453121875 0.3828125 0.3220486109375 0.3623046859375 0.259765621875 0.30859375
0 0.36002604374999997 0.296875 0.35243055624999997 0.3642578140625 0.4375 0.3837890640625 0.4557291671875 0.3740234359375 0.4375 0.3291015640625 0.3995225671875 0.30078125 0.36002604374999997 0.296875
0 0.4921875 0.2451171859375 0.5225694437499999 0.2080078140625 0.47547743281250004 0.193359375 0.4466145828125 0.2216796859375 0.46484375 0.2509765640625 0.44965277812500004 0.3037109359375 0.505859378125 0.3203125 0.505859378125 0.333984375 0.52105034375 0.3203125 0.5271267328125 0.3359375 0.559027778125 0.3388671859375 0.5985243062500001 0.2783203140625 0.5651041671875 0.2724609359375 0.5544704890625 0.2421875 0.4921875 0.2451171859375
0 0.62890625 0.2353515640625 0.65625 0.2314453140625 0.6516927109374999 0.216796875 0.6106770828125 0.2255859359375 0.62890625 0.2353515640625
0 0.671440971875 0.2763671859375 0.62738715625 0.23828125 0.586371528125 0.2626953140625 0.613715278125 0.2666015640625 0.6015625 0.2861328140625 0.6228298609375 0.2998046859375 0.6197916671875 0.3310546859375 0.5924479171875 0.3486328140625 0.6106770828125 0.3603515640625 0.6744791671875 0.3173828140625 0.6668836781249999 0.294921875 0.6319444437499999 0.2919921859375 0.671440971875 0.2763671859375
0 0.697265621875 0.228515625 0.615234378125 0.2265625 0.6197916671875 0.2451171859375 0.5985243062500001 0.2490234359375 0.6258680562500001 0.3134765640625 0.6106770828125 0.3271484359375 0.726128471875 0.3447265640625 0.777777778125 0.3349609359375 0.8020833328125001 0.2861328140625 0.7701822890625001 0.291015625 0.697265621875 0.228515625
0 0.8977864562500001 0.359375 0.9084201390625 0.3369140640625 0.8947482671874999 0.314453125 0.862847221875 0.3134765640625 0.8962673609375 0.3017578140625 0.8719618062500001 0.2919921859375 0.8841145828125001 0.2802734359375 0.8674045109374999 0.263671875 0.7732204890625 0.29296875 0.753472221875 0.2861328140625 0.7717013890625 0.3232421859375 0.7565104171875 0.4033203140625 0.7823350671875 0.384765625 0.79144965625 0.40234375 0.809678821875 0.388671875 0.8415798609375 0.4052734359375 0.8385416671874999 0.3798828140625 0.8734809 0.37890625 0.8719618062500001 0.3603515640625 0.8977864562500001 0.359375